[head2.JPG]
filters=finetune2=1,0.000000,0.000000,0.000000,00000000,-0.964912;
moddate=16e56dd60639ca01
width=779
height=60
[head.JPG]
filters=finetune2=1,0.000000,0.000000,0.000000,00000000,-1.000000;
moddate=3a178c070739ca01
width=777
height=52
